,city,lat,temp,lon,humidity,wind speed,clouds
0,Grimshaw,56.18,287.15,-117.6,41,7.2,75
1,Namatanai,-3.67,300.18,152.43,77,2.87,30
2,Cape Town,-33.93,291.42,18.42,77,7.7,0
3,Vaini,-21.2,298.15,-175.2,94,2.1,75
4,Yellowknife,62.46,269.02,-114.35,49,4.1,90
5,Alihe,50.57,266.52,123.72,90,1.68,18
6,Virginia Beach,36.85,290.02,-75.98,50,4.6,20
7,Mangai,-4.05,294.32,19.53,82,1.0,10
8,Tuktoyaktuk,69.45,262.15,-133.04,85,10.3,90
9,Cherskiy,68.75,265.13,161.3,93,3.7,0
10,Albany,42.6,278.94,-73.97,26,13.9,40
11,Kapaa,22.08,299.64,-159.32,69,3.1,1
12,Nikolskoye,59.7,277.62,30.79,64,3.0,76
13,Hermanus,-34.42,284.26,19.23,93,3.57,0
14,Altay,47.87,284.33,88.12,25,3.54,0
15,Camaná,-16.62,295.31,-72.71,64,2.61,25
16,Khatanga,71.97,265.35,102.5,96,1.25,35
17,Hobart,-42.88,280.57,147.33,87,2.1,75
18,Port Alfred,-33.59,288.15,26.89,93,0.89,0
19,Pacific Grove,36.62,291.12,-121.92,67,4.1,1
20,Yar-Sale,66.83,275.1,70.83,97,9.41,100
21,Mar del Plata,-38.0,289.15,-57.56,67,3.6,4
22,Bambous Virieux,-20.34,297.36,57.76,83,3.1,40
23,Ilulissat,69.22,281.15,-51.1,39,9.3,27
24,Guerrero Negro,27.98,297.35,-114.06,45,5.95,0
25,Mount Gambier,-37.83,283.15,140.77,93,5.1,99
26,Barrow,71.29,266.15,-156.79,92,4.1,90
27,Hofn,64.25,278.67,-15.21,72,3.72,87
28,Hilo,19.73,298.97,-155.09,61,3.1,90
29,Djibouti,11.5,301.15,42.5,78,4.77,90
30,Kaitangata,-46.28,284.82,169.85,81,0.89,88
31,Port Elizabeth,-33.92,287.15,25.57,87,2.6,0
32,Norman Wells,65.28,266.15,-126.83,62,5.1,75
33,Kaiyuan,23.7,290.42,103.3,55,1.07,94
34,Port Macquarie,-31.43,285.93,152.92,95,2.23,0
35,Sasebo,33.16,281.48,129.72,55,0.45,70
36,Rikitea,-23.12,297.48,-134.97,76,6.22,100
37,Teknāf,20.86,296.96,92.31,84,2.05,88
38,Narsaq,60.92,281.15,-46.05,36,22.1,100
39,Airai,-8.93,288.49,125.41,68,1.66,29
40,Jambi City,-1.6,297.3,103.62,96,0.32,100
41,Punta Arenas,-53.15,283.15,-70.92,71,2.6,75
42,Wukari,7.85,299.29,9.78,65,2.73,100
43,Dom Pedro,-4.48,298.22,-44.45,90,0.21,92
44,Olafsvik,64.89,278.8,-23.71,81,4.4,100
45,Manyana,-23.4,292.48,21.72,27,2.08,0
46,Kroonstad,-27.65,290.38,27.23,31,3.61,0
47,Baykit,61.67,272.58,96.37,92,0.98,81
48,Mango,27.98,302.88,-82.31,33,2.1,1
49,Puerto Ayora,-0.74,301.75,-90.35,66,6.7,20
50,Worland,44.02,292.78,-107.96,19,3.6,1
51,Smithers,54.78,284.15,-127.17,36,1.5,75
52,Karasjok,69.47,274.15,25.51,74,10.8,75
53,Jamestown,42.1,274.15,-79.24,47,7.7,1
54,Hithadhoo,-0.6,302.09,73.08,71,3.82,49
55,Longyearbyen,78.22,265.15,15.64,67,0.5,0
56,Ushuaia,-54.8,280.15,-68.3,71,5.7,40
57,Visnes,59.36,282.26,5.22,87,2.1,21
58,Atuona,-9.8,300.87,-139.03,68,5.03,1
59,Lebu,-37.62,290.59,-73.65,46,1.68,15
60,Praia da Vitória,38.73,288.15,-27.07,87,8.37,75
61,Meulaboh,4.14,298.54,96.13,89,1.81,100
62,Tasiilaq,65.61,276.15,-37.64,93,10.8,100
63,Cururupu,-1.83,298.82,-44.87,89,1.46,90
64,Thompson,55.74,275.15,-97.86,59,3.6,90
65,Saint-Augustin,51.23,275.47,-58.65,80,7.8,100
66,Upernavik,72.79,273.07,-56.15,95,4.34,13
67,Tomatlán,19.93,303.12,-105.25,48,3.98,83
68,Antofagasta,-23.65,292.15,-70.4,68,5.7,20
69,Saint-Philippe,-21.36,292.64,55.77,83,2.1,75
70,Ribeira Grande,38.52,290.15,-28.7,63,3.6,20
71,Quatre Cocos,-20.21,297.27,57.76,83,3.1,40
72,Evensk,61.95,267.44,159.23,92,4.78,48
73,Nouadhibou,20.93,291.15,-17.03,77,10.3,0
74,Carnarvon,-24.87,294.15,113.63,83,3.6,95
75,Kodinsk,58.69,275.01,99.18,85,1.55,76
76,Avarua,-21.21,301.15,-159.78,74,4.1,98
77,Bluff,-46.6,283.71,168.33,78,2.68,98
78,Chokurdakh,70.63,265.07,147.92,96,2.92,91
79,Leningradskiy,69.38,264.2,178.42,91,2.47,94
80,Mataura,-46.19,283.71,168.86,78,2.68,95
81,Tiksi,71.69,268.26,128.87,97,1.17,100
82,Trofors,65.53,278.15,13.41,86,2.6,100
83,Burnie,-41.07,282.04,145.92,9,0.45,100
84,Pereslavl'-Zalesskiy,56.74,273.25,38.86,85,4.06,36
85,Faya,18.39,290.15,42.45,87,3.1,18
86,Riyadh,24.69,298.15,46.72,65,2.84,4
87,Nabire,-3.37,297.84,135.48,83,1.07,94
88,Rongcheng,30.63,284.72,117.85,88,1.36,94
89,São Filipe,14.9,294.95,-24.5,78,9.43,11
90,Oranjestad,12.52,304.15,-70.03,66,9.8,40
91,Vytegra,61.01,273.75,36.45,92,4.1,100
92,Abilene,32.45,302.32,-99.73,20,8.7,1
93,Vila Velha,-20.33,298.15,-40.29,73,4.6,20
94,Saint George,37.1,297.96,-113.58,23,6.36,1
95,Hervey Bay,-25.3,292.04,152.85,88,2.24,0
96,Namtsy,62.72,268.15,129.67,73,1.0,100
97,Santiago del Estero,-27.8,300.17,-64.26,41,4.06,23
98,Chui,-33.7,290.76,-53.46,87,4.17,99
99,Eureka,40.8,287.24,-124.16,93,2.6,90
100,São Borja,-28.66,297.93,-56.0,43,1.18,0
101,Pangnirtung,66.15,263.15,-65.71,85,3.1,40
102,Picota,-6.92,306.15,-76.33,52,1.5,40
103,Bredasdorp,-34.53,286.15,20.04,82,1.5,0
104,Esperance,-33.87,288.15,121.9,87,4.1,40
105,North Bend,43.41,287.73,-124.22,93,7.7,90
106,Butaritari,3.07,301.74,172.79,79,6.13,92
107,Seoul,37.57,277.85,126.98,60,3.3,1
108,Faanui,-16.48,300.16,-151.75,77,7.36,7
109,Qaanaaq,77.48,265.61,-69.36,91,0.55,80
110,Bethel,41.37,280.97,-73.41,26,7.2,1
111,Winnemucca,40.97,293.15,-117.74,19,5.7,1
112,Saskylakh,71.92,264.77,114.08,96,2.04,94
113,Malegaon,20.55,301.49,74.53,28,5.06,22
114,Petatlán,17.52,304.15,-101.27,62,5.7,40
115,Changde,29.05,286.45,111.68,78,3.1,100
116,Busselton,-33.65,285.75,115.33,82,2.31,20
117,East London,-33.02,292.27,27.91,76,1.89,29
118,Kengyel,47.08,284.2,20.33,43,3.1,18
119,Kavaratti,10.57,302.56,72.64,72,2.09,69
120,Ilām,26.92,285.99,87.92,47,2.19,0
121,La Ronge,55.1,279.15,-105.28,75,1.44,75
122,Hong Kong,22.29,293.47,114.16,83,2.6,40
123,Tura,25.52,293.03,90.22,79,2.15,79
124,Severo-Kuril'sk,50.68,273.57,156.12,95,17.71,100
125,Bam,29.11,292.44,58.36,45,2.8,0
126,Pauini,-7.71,302.46,-66.98,70,0.1,81
127,Port Antonio,18.18,302.86,-76.46,70,6.7,20
128,Talnakh,69.49,270.15,88.4,86,2.0,75
129,Kalāleh,37.38,288.15,55.49,100,1.0,66
130,Sitka,57.05,280.15,-135.33,93,6.2,90
131,Abu Samrah,35.3,290.88,37.18,33,2.25,6
132,New Norfolk,-42.78,280.53,147.06,81,2.15,68
133,Kalmunai,7.42,300.37,81.82,76,1.72,98
134,Ponta do Sol,32.67,288.27,-17.1,63,4.6,20
135,Phibun Mangsahan,15.24,297.15,105.23,94,2.1,100
136,Ambatondrazaka,-17.83,289.74,48.42,73,1.27,35
137,Pevek,69.7,260.39,170.31,92,2.51,0
138,Hasaki,35.73,280.3,140.83,93,1.5,75
139,Springdale,36.19,287.65,-94.13,100,5.7,90
140,Cockburn Town,21.46,300.01,-71.14,72,1.73,63
141,Husavik,66.04,281.15,-17.34,61,1.5,100
142,Dikson,73.51,263.12,80.55,97,4.84,34
143,Caravelas,-17.71,297.83,-39.25,78,5.96,4
144,São João da Barra,-21.64,299.15,-41.05,65,4.1,20
145,Sawākin,19.11,299.3,37.33,83,1.23,2
146,George Town,5.41,298.5,100.34,94,1.5,40
147,San Miguel de Tucumán,-26.82,303.15,-65.22,55,4.1,64
148,Ascension,30.22,300.14,-90.9,51,9.3,40
149,Vanavara,60.34,272.4,102.28,89,3.29,96
150,Calabozo,8.92,307.87,-67.43,38,1.49,91
151,Dawlatabad,36.41,294.23,64.91,32,2.17,46
152,Ganzhou,28.82,288.38,115.43,63,1.17,100
153,Nigrán,42.14,286.71,-8.81,87,3.1,8
154,Cabo San Lucas,22.89,301.16,-109.91,34,3.6,5
155,Kruisfontein,-34.0,285.44,24.73,74,1.47,0
156,Billings Metropolitan Area,45.78,293.0,-108.5,16,9.8,40
157,Soyo,-6.13,300.01,12.37,84,3.97,22
158,Wajima,37.4,281.69,136.9,66,8.56,56
159,Saint-Pierre,-21.34,293.05,55.48,83,2.1,75
160,Acaraú,-2.89,297.38,-40.12,90,1.14,100
161,Nola,40.92,286.69,14.53,93,3.1,75
162,Yerofey Pavlovich,53.97,269.01,121.97,91,1.62,0
163,Sisimiut,66.94,276.53,-53.67,75,3.56,95
164,Dingle,11.0,299.28,122.67,84,4.29,46
165,Iquitos,-3.75,307.15,-73.25,49,1.5,40
166,Jumla,29.27,280.64,82.18,33,0.5,85
167,Brae,60.4,280.15,-1.35,81,4.1,71
168,Saint Paul Harbor,57.79,280.15,-152.41,81,2.6,90
169,Goascorán,13.58,306.6,-87.62,52,6.2,20
170,Fasa,28.94,286.15,53.65,93,1.36,0
171,Aklavik,68.22,265.15,-135.01,61,2.1,90
172,Aykhal,66.0,273.15,111.5,89,2.0,100
173,Nara,34.69,281.39,135.8,65,1.5,75
174,Marawi,8.0,297.59,124.29,86,2.24,87
175,Kitimat,54.05,284.26,-128.65,75,1.79,84
176,Morón,-34.65,292.49,-58.62,72,4.1,87
177,Cayenne,4.93,300.15,-52.33,83,2.1,75
178,Shipunovo,52.16,288.87,82.22,36,3.84,100
179,Stara Vyzhivka,51.44,279.71,24.44,72,2.17,1
180,Neftçala,39.37,283.9,49.25,71,4.42,100
181,Bandarbeyla,9.49,301.11,50.81,75,4.08,55
182,Payakumbuh,-0.22,295.15,100.63,81,0.78,99
183,Lompoc,34.64,294.02,-120.46,56,6.2,1
184,Geraldton,-28.77,289.15,114.6,82,4.6,75
185,San Miguel,13.48,306.74,-88.18,52,2.1,20
186,Ust-Maya,60.42,266.5,134.53,93,1.19,0
187,Bahía Blanca,-38.72,291.83,-62.27,41,1.94,90
188,Lewistown,40.6,283.6,-77.57,21,6.7,1
189,Goroka,-6.08,289.37,145.39,55,0.36,98
190,Tsabong,-26.02,296.66,22.4,23,3.32,20
191,Bilma,18.69,304.04,12.92,11,2.19,2
192,Lima,-12.04,297.15,-77.03,64,6.2,0
193,Spirit River,55.78,286.4,-118.84,43,11.8,40
194,Kiruna,67.86,274.15,20.23,86,2.1,73
195,Poum,-20.23,298.38,164.02,78,5.28,11
196,College,64.86,277.2,-147.8,64,2.6,40
197,Henties Bay,-22.12,288.71,14.28,86,0.89,8
198,Hobyo,5.35,301.99,48.53,71,4.46,40
199,Yenagoa,4.92,299.13,6.26,90,1.33,98
200,Nong Bua,15.86,305.93,100.59,45,3.97,100
201,Nānākuli,21.39,299.19,-158.15,69,3.1,1
202,Makakilo City,21.35,299.22,-158.09,69,3.1,1
203,Castro,-24.79,289.37,-50.01,48,0.85,0
204,Mahon,39.89,287.15,4.27,87,7.2,40
205,Orcopampa,-15.27,284.96,-72.34,17,3.44,76
206,Kutum,14.2,294.31,24.67,12,4.4,0
207,Seymchan,62.88,264.12,152.43,89,1.17,58
208,Berdigestyakh,62.1,269.74,126.7,96,1.65,93
209,Togul,53.47,285.63,85.91,49,1.82,100
210,Puerto Colombia,10.99,306.15,-74.95,59,5.7,20
211,Kimbe,-5.55,298.36,150.14,83,0.96,55
212,Aripuanã,-9.17,300.51,-60.63,85,0.53,92
213,Kozhva,65.11,268.79,57.05,94,8.71,100
214,Challans,46.84,288.15,-1.87,84,3.89,89
215,Porto Santo,33.07,289.15,-16.34,67,3.6,40
216,Anadyr,64.75,256.03,177.48,84,2.0,0
217,Yerbogachën,61.28,273.95,108.01,81,6.78,68
218,Lavrentiya,65.58,266.09,-171.0,91,1.33,99
219,Ocean Springs,30.41,298.52,-88.83,57,8.2,20
220,Leh,34.17,274.4,77.58,17,1.15,100
221,Cidreira,-30.18,294.1,-50.21,79,2.92,52
222,Richards Bay,-28.78,295.8,32.04,83,3.3,32
223,Half Moon Bay,37.46,293.78,-122.43,72,7.2,1
224,Torbay,47.67,275.55,-52.73,85,12.3,75
225,Port Hedland,-20.32,300.15,118.57,69,2.6,41
226,Ancud,-41.87,287.15,-73.82,76,2.6,100
227,Constitución,-35.33,290.82,-72.42,54,2.21,100
228,Codrington,-38.27,284.98,141.97,80,5.42,100
229,Araouane,18.9,302.31,-3.53,12,2.69,1
230,Port Blair,11.67,301.74,92.75,68,0.58,82
231,Kieta,-6.22,300.21,155.63,76,1.08,72
232,Nelson Bay,-32.72,285.59,152.15,87,4.1,31
233,Key West,24.56,303.03,-81.78,39,4.6,1
234,Saint-Joseph,-21.37,292.94,55.62,83,2.1,75
235,San Policarpo,12.18,300.48,125.51,84,5.25,100
236,Palmer,42.16,280.27,-72.33,22,11.3,40
237,Bengkulu,-3.8,298.79,102.27,83,1.98,100
238,Babushkin,51.71,273.78,105.86,65,1.45,94
239,Boueni,-12.9,301.15,45.08,78,3.1,11
240,Merrill,45.18,280.7,-89.68,74,5.7,75
241,Saint Anthony,45.02,291.2,-93.22,33,3.6,1
242,Umm Kaddadah,13.6,299.27,26.69,11,6.09,11
243,Santa Maria,-29.68,295.73,-53.81,53,1.31,86
244,Deputatsky,69.3,263.28,139.9,92,1.09,100
245,Krasnoyarskiy,51.97,277.74,59.9,69,8.79,60
246,Ust'-Omchug,61.15,263.88,149.63,85,1.43,100
247,Emporia,38.4,289.15,-96.18,87,2.6,90
248,Dali,25.7,282.06,100.18,48,1.36,34
249,Escuinapa,22.85,300.15,-105.8,47,2.6,40
250,Kirakira,-10.45,301.61,161.92,75,2.5,84
251,Iqaluit,63.75,262.09,-68.51,72,10.8,75
252,Sos'va,59.18,277.21,61.86,77,5.19,30
253,Japura,-0.32,297.24,102.35,96,0.78,100
254,Bumbuna,9.05,298.71,-11.73,77,1.71,89
255,Rodolfo Sánchez Taboada,31.72,294.82,-116.57,70,0.89,0
256,Lokoja,7.8,300.93,6.74,74,2.37,87
257,Suntar,62.14,275.32,117.63,92,2.81,100
258,Praia,14.92,296.15,-23.51,64,9.8,20
259,Dul'durga,50.68,270.92,113.59,65,2.88,1
260,Klaksvík,62.23,281.15,-6.59,75,1.0,0
261,San Quintín,30.48,294.02,-115.95,60,5.74,1
262,Ramsar,36.92,286.15,50.64,93,2.1,90
263,Jinchang,38.5,277.0,102.17,25,1.81,100
264,Traverse City,44.76,276.42,-85.62,47,2.1,90
265,Susa,32.19,299.92,48.24,36,3.19,9
266,Miles City,46.41,294.15,-105.84,30,12.9,1
267,Itaparica,-12.89,300.15,-38.68,88,4.6,75
268,Sibu,2.3,298.15,111.82,94,1.5,75
269,Hearst,49.68,269.76,-83.67,91,2.71,84
270,Podeni,44.88,279.7,22.54,59,1.22,71
271,St. George's,12.06,302.15,-61.75,70,9.8,40
272,Acarí,-15.43,297.35,-74.62,51,2.82,1
273,Okhotsk,59.38,267.77,143.3,91,2.59,100
274,Curvelo,-18.76,294.52,-44.43,72,1.34,28
275,Batemans Bay,-35.72,285.93,150.18,100,1.52,97
276,Tessalit,20.2,303.13,1.01,9,4.45,0
277,Damara,4.96,297.15,18.7,88,1.5,75
278,Kavieng,-2.57,301.32,150.8,74,3.31,100
279,Dorogobuzh,54.91,274.49,33.3,75,3.4,0
280,Chul'man,56.85,265.36,124.91,89,0.28,67
281,Shache,38.42,289.43,77.24,29,1.79,79
282,Vardø,70.37,270.15,31.11,68,3.1,75
283,Saldanha,-33.01,290.15,17.94,72,3.6,67
284,San Cristobal,7.77,303.15,-72.22,58,5.1,40
285,Sinaloa,25.0,306.38,-107.5,29,5.1,5
286,Port Pirie,-33.18,295.15,138.02,30,7.2,94
287,Ossora,59.24,271.18,163.07,98,1.4,97
288,Mildura,-34.2,286.15,142.15,71,2.6,87
289,Sidhi,24.42,298.01,81.88,33,1.38,2
290,Oranjemund,-28.55,289.65,16.43,76,3.48,100
291,Kasulu,-4.58,294.15,30.1,94,2.6,75
292,La Rioja,42.25,286.15,-2.5,82,2.1,90
293,San Nicolas,18.17,299.67,120.6,80,4.27,51
294,Taoudenni,22.68,304.18,-3.98,11,3.77,0
295,Arlit,18.74,306.46,7.39,14,1.6,11
296,Pierre,44.37,297.53,-100.35,25,8.7,20
297,La Asuncion,11.03,309.15,-63.86,37,10.3,0
298,Kiama,-34.68,287.59,150.87,90,2.12,35
299,Provideniya,64.38,263.15,-173.3,61,1.27,31
300,Tabuk,17.42,297.38,121.44,87,0.41,100
301,Trat,12.5,299.01,102.5,88,0.35,100
302,Along,28.17,289.14,94.77,68,0.94,100
303,Balaci,44.35,281.11,24.92,52,1.17,43
304,Port Hardy,50.7,286.15,-127.42,71,3.6,40
305,Maceió,-9.67,300.15,-35.74,78,3.6,75
306,Chernyshevskiy,63.01,272.35,112.47,88,3.89,99
307,Assiut,27.18,300.15,31.18,26,4.1,0
308,Pennāthur,12.25,299.36,79.23,76,1.4,84
309,Gambissara,13.24,306.07,-14.31,15,2.1,12
310,Pontianak,-0.03,298.58,109.33,89,0.78,99
311,São Miguel do Araguaia,-13.28,297.75,-50.16,83,0.47,60
312,Alofi,-19.06,301.15,-169.92,88,2.6,40
313,Arraial do Cabo,-22.97,298.15,-42.03,69,4.1,0
314,Bilibino,68.05,263.33,166.44,84,1.12,48
315,Vila do Maio,15.13,296.15,-23.22,64,9.8,20
316,Usakos,-22.0,297.04,15.6,25,1.43,30
317,Paamiut,61.99,276.26,-49.67,82,7.5,100
318,Varnsdorf,50.91,280.84,14.62,72,2.92,0
319,Santa Isabel Rio Negro,-0.41,299.63,-65.02,80,0.93,100
320,Havre-St-Pierre,50.23,273.15,-63.6,95,9.8,90
321,Rundu,-17.93,292.15,19.77,52,0.5,0
322,São Gabriel da Cachoeira,-0.13,298.33,-67.09,92,1.53,100
323,Batagay-Alyta,67.8,267.71,130.41,92,0.96,100
324,Les Cayes,18.2,301.6,-73.75,66,0.8,2
325,Salalah,17.02,302.15,54.09,79,2.6,40
326,Yeppoon,-23.13,294.15,150.73,94,2.1,40
327,Vestmannaeyjar,63.44,279.72,-20.27,73,1.43,73
328,Arrondissement de Saint-Gaudens,43.08,285.49,0.67,93,2.6,90
329,Marystown,47.17,276.38,-55.15,83,12.17,94
330,Mānsa,29.98,299.26,75.38,27,2.73,21
331,Haysville,37.56,288.72,-97.35,82,4.1,90
332,Marzuq,14.4,296.41,46.47,46,1.96,4
333,Portland,45.52,285.62,-122.68,87,2.6,90
334,Los Llanos de Aridane,28.66,289.04,-17.92,59,6.2,75
335,Shelburne,44.08,276.38,-80.2,37,6.7,1
336,Mossamedes,-15.2,296.63,12.15,78,3.39,5
337,Alexandria,31.22,291.15,29.96,88,5.1,0
338,Almoradí,38.11,290.01,-0.79,77,2.1,75
339,Skjervøy,70.03,276.15,20.97,69,6.7,20
340,Oddur,4.12,296.68,43.89,74,1.85,90
341,Southbridge,42.08,278.95,-72.03,32,11.3,75
342,Rio Grande,-32.03,295.65,-52.1,73,6.2,40
343,Eldorado,-23.79,295.71,-54.28,52,0.93,0
344,Capreol,46.71,274.65,-80.92,23,2.6,5
345,Margate,51.38,283.54,1.39,84,7.47,5
346,Čačak,43.89,280.15,20.35,87,0.5,3
347,Ilula,-7.68,293.15,36.04,72,5.1,75
348,Carupano,10.67,302.8,-63.26,57,5.37,0
349,Libenge,3.65,296.79,18.63,83,0.23,64
350,Haines Junction,60.75,276.85,-137.51,65,0.85,97
351,Suruç,36.98,288.15,38.42,51,4.6,1
352,Peniche,39.36,286.52,-9.38,81,3.58,38
353,Fountain Hills,33.61,302.14,-111.72,23,1.5,1
354,Gurmatkāl,16.87,300.15,77.4,43,5.41,5
355,Ngunguru,-35.62,291.21,174.5,86,1.34,93
356,Ndjolé,-0.18,298.15,10.76,79,0.16,42
357,Qaqortoq,60.72,281.15,-46.03,36,22.1,98
358,Hirado,33.36,281.48,129.55,55,0.45,85
359,Baruun-Urt,46.68,270.9,113.28,53,4.22,0
360,Astoria,46.19,285.06,-123.83,93,6.7,90
361,Mehamn,71.04,272.15,27.85,58,8.2,75
362,São João do Paraíso,-15.31,293.92,-42.01,70,1.54,52
363,Sant Feliu de Guíxols,41.78,285.46,3.03,93,1.0,90
364,Muriwai Beach,-36.82,289.03,174.45,97,0.89,100
365,Lázaro Cárdenas,17.96,303.19,-102.2,46,4.33,83
366,Kolokani,13.57,308.27,-8.03,21,3.79,65
367,San Patricio,19.22,300.15,-104.7,69,2.6,75
368,Kattivākkam,13.22,302.38,80.32,83,2.6,40
369,Phichit,16.25,305.93,100.42,27,3.37,100
370,Monrovia,6.3,300.15,-10.8,88,2.66,40
371,Pinotepa Nacional,16.32,305.78,-98.02,40,5.71,100
372,Tubinskiy,52.89,276.15,58.22,71,10.0,75
373,Kumul,42.8,289.6,93.45,17,4.91,52
374,Fukuechō,32.69,284.17,128.84,66,10.13,97
375,Yellāpur,14.97,295.17,74.72,78,1.48,70
376,Havelock,34.88,290.45,-76.9,42,5.7,40
377,Chapais,49.78,265.15,-74.85,72,7.7,90
378,Chiredzi,-21.05,291.89,31.67,64,1.83,0
379,Daşoguz,41.84,291.15,59.97,45,6.2,93
380,Taltal,-25.4,292.68,-70.48,67,1.43,38
381,Colac,-38.33,281.85,143.58,91,1.63,98
382,Ambilobe,-13.2,296.1,49.05,88,1.77,68
383,São Félix do Xingu,-6.64,298.86,-51.99,86,0.28,58
384,Biak,-0.91,299.68,122.88,72,1.13,18
385,Magán,39.97,289.02,-3.93,59,1.0,66
386,Alta Floresta,-9.88,312.15,-56.09,42,2.1,40
387,Mazyr,52.05,278.26,29.25,65,2.12,0
388,Cartagena del Chairá,1.33,304.49,-74.84,47,1.19,62
389,Ostrołęka,53.09,278.15,21.58,71,2.96,0
390,Rehnān,32.68,285.15,51.6,71,2.1,11
391,Lesnoy,57.62,277.95,63.08,73,4.55,0
392,Clyde River,70.47,260.15,-68.59,78,10.3,75
393,Ostrovnoy,68.05,268.97,39.51,95,12.72,100
394,Penzance,50.12,285.72,-5.54,62,3.6,26
395,Nyandoma,61.67,268.07,40.2,94,4.0,55
396,Wonosobo,-7.36,293.08,109.9,76,0.41,100
397,Mahébourg,-20.41,298.15,57.7,83,3.1,40
398,Egvekinot,66.32,264.55,-179.17,88,2.2,100
399,Sampit,-2.53,297.72,112.95,95,0.38,100
400,Whitehorse,60.72,280.48,-135.05,52,3.1,75
401,Tezu,27.92,290.06,96.17,73,3.11,100
402,Souillac,-20.52,298.15,57.52,83,3.1,40
403,Zhezkazgan,47.8,291.54,67.71,49,4.72,100
404,Laas,46.62,279.15,10.7,45,2.1,5
405,Pundaguitan,6.37,300.48,126.17,80,5.59,52
406,Port Lincoln,-34.73,292.05,135.87,61,4.75,88
407,Āwash,8.98,296.8,40.17,51,1.06,41
408,Itacoatiara,-3.14,298.15,-58.44,100,1.5,20
409,Chelno-Vershiny,54.43,274.52,51.1,91,7.58,100
410,Waipawa,-41.41,286.94,175.52,93,8.2,100
411,Misratah,32.38,292.77,15.09,70,5.8,43
412,Chumikan,54.72,268.16,135.31,94,1.01,100
413,Oruzgan,32.83,286.39,66.0,47,1.99,100
414,Emerald,-23.53,291.05,148.17,68,3.1,0
415,Izhma,65.01,269.79,53.91,93,6.17,99
416,Srīvardhan,18.03,298.69,73.02,81,1.13,0
417,Jardim,-21.48,299.2,-56.14,44,1.2,0
418,Castrovillari,39.82,286.48,16.21,91,0.45,100
419,Zabul Province,32.25,285.86,67.25,45,4.42,100
420,Beitbridge,-22.22,293.37,30.0,53,3.95,0
421,Usinsk,65.99,268.51,57.53,90,10.84,100
422,Mariehamn,60.1,275.15,19.93,80,0.5,99
423,Ankazoabo,-22.28,292.18,44.52,75,1.56,4
424,Alice Springs,-23.7,292.15,133.88,52,3.5,0
425,Apac,1.98,291.98,32.54,67,0.94,100
426,Codajás,-3.84,301.69,-62.06,81,0.49,90
427,Sulphur,30.24,299.42,-93.38,78,9.8,90
428,Hamilton,39.18,293.52,-84.53,30,7.2,1
429,Leshukonskoye,64.9,266.6,45.76,94,4.03,23
430,Makkah al Mukarramah,21.43,298.56,39.83,58,0.49,0
431,Clonakilty,51.62,284.21,-8.87,66,0.5,100
432,Marabba,12.35,301.02,32.18,10,4.57,0
433,Gouré,13.98,302.32,10.27,12,2.86,21
434,Betong,5.77,295.5,101.07,85,0.88,78
435,Kiryat Gat,31.61,292.91,34.76,60,5.64,29
436,Dublyany,49.9,276.15,24.09,74,1.31,5
437,Bubaque,11.28,298.74,-15.83,67,5.98,15
438,São Francisco de Assis,-29.55,296.72,-55.13,50,1.77,32
439,Kidal,18.44,305.78,1.41,9,5.32,0
440,Ahipara,-35.17,291.16,173.17,79,5.54,99
441,Tolaga Bay,-38.37,289.7,178.3,72,4.68,100
442,Isangel,-19.55,297.15,169.27,94,3.96,20
443,Necochea,-38.55,288.71,-58.74,68,0.45,18
444,Kharp,66.8,270.59,65.81,96,7.93,100
445,Adrar,20.5,301.93,-10.07,12,3.64,0
446,Ixtapa,20.7,299.15,-105.2,69,4.6,40
447,Jinka,5.65,290.72,36.65,59,1.27,74
448,Kawalu,-7.38,296.16,108.21,82,0.36,100
449,Vao,-22.67,297.26,167.48,79,6.16,0
450,Katsuura,35.13,281.86,140.3,61,1.5,75
451,Sola,-13.88,301.13,167.55,75,3.86,84
452,Äänekoski,62.69,278.44,25.82,52,2.6,0
453,Kahului,20.89,298.49,-156.47,61,5.1,40
454,Lüderitz,-26.65,292.15,15.16,77,2.6,92
455,Tazmalt,36.39,287.15,4.4,93,2.1,40
456,Laguna,38.42,298.64,-121.42,44,2.1,1
457,Jiuquan,39.74,277.63,98.52,26,1.14,0
458,Beringovskiy,63.05,262.62,179.32,92,4.07,0
459,Strezhevoy,60.73,282.15,77.59,70,7.0,68
460,Tiznit Province,29.58,287.32,-9.5,63,1.3,29
461,Molina,-35.12,299.38,-71.28,32,2.6,100
462,Hambantota,6.12,300.23,81.12,80,2.61,100
463,Banda Aceh,5.56,300.05,95.32,82,2.8,100
464,Gravelbourg,49.88,289.66,-106.55,27,5.74,92
465,Mayya,61.73,268.15,130.28,73,1.0,90
466,Hinton,53.4,283.77,-117.59,34,5.73,37
467,Prieska,-29.66,295.2,22.75,21,1.74,85
468,Paphos,34.77,287.7,32.42,82,2.1,0
469,Ji’an,27.12,287.26,114.98,83,1.64,100
470,Bodden Town,19.28,302.92,-81.25,79,4.1,40
471,Yashkul',46.17,281.55,45.34,54,4.17,98
472,San Felipe,10.34,301.62,-68.74,64,2.76,92
473,Edgewater,28.99,297.9,-80.9,44,5.1,1
474,Kangaba,11.93,305.85,-8.42,33,0.9,52
475,Ilo,-17.64,294.59,-71.34,66,1.01,2
476,Lufilufi,-13.87,303.15,-171.6,74,3.6,20
477,Manakara,-22.13,294.59,48.02,90,1.59,90
478,Dunedin,-45.87,284.57,170.5,81,1.34,54
479,Siemiatycze,52.43,278.15,22.86,61,1.88,0
480,Agüimes,27.91,291.54,-15.45,63,7.7,40
481,Oktyabr'skiy,54.48,275.51,53.47,89,6.75,100
482,Salinópolis,-0.61,299.85,-47.36,84,3.73,78
483,Guiren,33.67,279.87,118.19,55,1.08,11
484,Port Moresby,-9.44,298.15,147.18,94,1.5,40
485,Lata,40.16,286.47,-8.33,88,0.45,12
486,Logansport,40.75,292.55,-86.36,28,7.2,90
487,Harper,4.38,300.37,-7.72,83,2.72,62
488,Christchurch,-43.53,281.85,172.63,100,1.0,90
489,Coyhaique,-45.58,283.15,-72.07,71,1.5,40
490,Nishihara,26.18,290.06,127.76,67,2.6,90
491,Price,39.6,289.26,-110.81,28,1.79,47
492,Yulara,-25.24,292.15,130.99,34,2.6,1
493,Martapura,-3.42,300.15,114.85,83,1.5,91
494,Bulolo,-7.2,294.53,146.65,65,0.42,68
495,Bjørnevatn,69.67,271.15,29.98,63,9.3,75
496,Guder,8.97,288.91,37.77,39,2.74,1
497,Manaure,11.78,303.15,-72.44,74,8.2,20
498,Mogadishu,2.04,301.64,45.34,73,3.25,5
499,Port Augusta,-32.5,289.17,137.77,30,7.2,52
500,Felipe Carrillo Puerto,19.58,307.92,-88.05,42,4.47,82
501,Imeni Poliny Osipenko,52.42,269.06,136.49,88,10.41,98
502,Sobolevo,54.43,275.19,31.9,73,2.97,41
503,Menongue,-14.66,287.24,17.69,45,2.05,0
504,Nago,26.59,289.71,127.98,63,3.6,90
505,Séguéla,7.96,300.68,-6.67,57,1.93,17
506,Merced,37.17,298.55,-120.75,36,2.6,1
507,Ulaangom,49.98,278.5,92.07,42,1.04,0
508,Nueva Concepción,14.2,307.67,-91.3,50,3.1,75
509,Pokoynoye,44.81,280.3,44.25,58,3.37,97
510,Kwang Binh,17.48,298.48,106.6,92,1.12,100
511,Bonthe,7.53,300.5,-12.51,83,3.09,37
512,Coquimbo,-29.95,289.15,-71.34,82,4.1,90
513,Kaeo,-35.1,290.07,173.78,94,4.7,90
514,Vredendal,-31.67,292.13,18.5,53,1.44,70
515,Colquiri,-17.42,282.77,-67.13,14,0.35,57
516,Centralia,46.72,284.86,-122.95,93,4.6,90
517,Esim,4.87,300.55,-2.24,84,3.73,96
518,Fairbanks,64.84,277.18,-147.72,69,1.5,1
519,Chebsara,59.2,272.06,38.84,92,3.3,100
520,Huarmey,-10.07,297.93,-78.15,60,3.86,2
521,Siliştea,44.38,283.03,25.35,45,2.1,32
522,Trairi,-3.28,297.78,-39.27,86,0.75,100
523,Illapel,-31.63,295.12,-71.17,49,2.32,100
524,Tuatapere,-46.13,283.71,167.68,78,2.68,99
525,Syracuse,37.09,287.51,15.28,93,1.0,75
526,Vyartsilya,62.18,274.99,30.69,83,3.61,71
527,Cap Malheureux,-19.98,296.48,57.61,84,2.24,2
528,Bosaso,11.28,301.81,49.18,70,2.8,54
529,Arman',59.7,269.0,150.17,90,2.65,100
530,Ca Mau,9.18,300.13,105.15,87,2.18,72
531,Capaci,38.17,286.21,13.24,88,3.58,50
532,Korla,41.76,288.5,86.15,27,2.89,0
533,Nanortalik,60.14,278.14,-45.24,68,8.33,77
534,Luanda,-8.84,298.29,13.23,88,3.71,88
535,Zhigansk,66.77,270.07,123.37,98,3.01,100
536,Tual,-5.67,301.58,132.75,77,6.8,100
537,Yamada,39.47,277.78,141.95,71,3.96,9
538,Atar,20.52,299.1,-13.05,15,2.48,0
539,Amantea,39.13,286.77,16.07,96,0.45,100
540,Shingū,33.73,281.05,135.98,69,5.24,100
541,Bose,45.46,284.27,8.01,63,2.3,0
542,Ankpa,7.37,298.8,7.63,77,2.82,72
543,Grindavik,63.84,279.15,-22.43,81,4.1,75
544,Zaragoza,41.66,287.15,-0.88,82,5.1,35
545,Cefalù,38.04,285.71,14.02,80,3.58,60
546,Nome,64.5,267.96,-165.41,85,1.88,1
547,Enderby,52.59,282.56,-1.21,66,4.6,25
548,Kambove,-10.88,287.0,26.6,56,1.66,65
549,Vila Franca do Campo,37.72,288.15,-25.43,77,3.6,20
550,Rapid Valley,44.06,293.94,-103.15,19,11.3,1
551,Humberto de Campos,-2.6,298.68,-43.46,88,1.55,88
552,Mananara,-16.17,296.95,49.77,79,2.4,15
553,Kushiro,42.98,277.67,144.37,71,6.23,67
554,Sioux Lookout,50.1,279.15,-91.92,26,5.1,75
555,Labuhan,-6.88,299.19,112.21,85,2.63,96
556,Touros,-5.2,301.15,-35.46,78,5.1,20
557,Amahai,-3.33,299.78,128.92,80,1.03,55
558,Cheyenne,41.14,288.7,-104.82,25,2.1,75
559,Shetpe,44.17,281.0,52.12,57,2.75,100
560,Seydi,39.48,299.38,62.91,23,2.62,1
561,Krasnosel'kup,65.7,274.96,82.47,87,10.05,98
562,Takoradze,4.88,300.62,-1.76,84,3.82,90
563,Shaunavon,49.65,287.01,-108.42,34,4.07,99
564,Atherton,53.52,284.8,-2.49,54,4.1,79
565,Zhangjiakou,40.81,272.74,114.88,47,3.99,0
566,Changli,39.7,278.29,119.15,57,3.91,0
567,Maués,-3.38,299.06,-57.72,86,0.36,98
568,Panguna,-6.32,295.88,155.48,78,0.46,71
569,Coos Bay,43.37,287.91,-124.22,93,7.7,90
570,Auki,-8.77,301.67,160.7,74,2.3,85
